[0.0, 0.25, 0.5, 0.75, 1.0] 
kmeans : 
[100.0, 0.15896113900000003, 3.301300516808561e-5, 100.0] 
[87.52999999999997, 0.11913909100000003, 0.2576442408943669, 23.0] 
[83.78000000000002, 0.11509888800000007, 0.4033735854445496, 16.0] 
[81.34499999999997, 0.12765172699999996, 0.508565121643837, 9.0] 
[82.29499999999999, 0.11706445800000002, 0.5846083721024923, 16.0] 
sspa : 
[100.0, 0.04188696599999999, 5.151552849507632e-9, 100.0] 
[99.545, 0.07995094800000001, 0.20062518376181834, 97.0] 
[99.05, 0.08816714700000004, 0.36174211084223457, 94.0] 
[98.45499999999998, 0.09857143799999997, 0.47988583134849927, 87.0] 
[97.63500000000002, 0.10412115999999996, 0.566106314485516, 76.0] 
random : 
[68.22999999999999, 0.21108700499999994, 0.3736352793049248, 0.0] 
[69.655, 0.208828206, 0.4033045707954434, 0.0] 
[72.24, 0.19157560100000004, 0.46847174441057804, 0.0] 
[74.09999999999998, 0.209616043, 0.5475768350532981, 0.0] 
[76.88000000000001, 0.23824627199999995, 0.6017389077615334, 1.0] 
spa : 
[100.0, 0.038964236, 4.428343682770001e-9, 100.0] 
[87.77000000000002, 0.09863919500000001, 0.25872513527112434, 30.0] 
[84.01499999999996, 0.098062068, 0.3981511997791757, 17.0] 
[81.27, 0.12249221600000006, 0.5076603396465833, 11.0] 
[79.05500000000005, 0.12839782299999997, 0.5864304744191104, 5.0] 
