[0.0, 0.25, 0.5, 0.75, 1.0] 
kmeans : 
[100.0, 0.15062097100000005, 2.812038918655929e-5, 100.0] 
[87.09000000000002, 0.10761087199999997, 0.2642474135912663, 23.0] 
[82.94999999999996, 0.10646467400000001, 0.40469712545325054, 14.0] 
[82.37499999999999, 0.11507193099999999, 0.5092076804265141, 8.0] 
[82.82999999999997, 0.108827422, 0.5840100467342327, 16.0] 
sspa : 
[100.0, 0.03900907099999999, 4.1528086040911355e-9, 100.0] 
[99.275, 0.07082311799999999, 0.20174487957882092, 96.0] 
[99.36999999999999, 0.08266747899999999, 0.361642065798694, 96.0] 
[98.42999999999999, 0.097914685, 0.4810732228208466, 86.0] 
[98.15500000000002, 0.10447265500000005, 0.5674554689302062, 78.0] 
random : 
[69.87499999999999, 0.1983869, 0.3656843083160948, 2.0] 
[69.88500000000002, 0.17978878999999995, 0.3963122075994139, 0.0] 
[73.2, 0.17946080199999997, 0.4670219934932417, 1.0] 
[74.70500000000003, 0.20679567499999998, 0.5446850222690389, 1.0] 
[74.89500000000001, 0.220236764, 0.6070521536189449, 0.0] 
spa : 
[100.0, 0.037928442000000014, 4.206249763941049e-9, 100.0] 
[87.65499999999999, 0.091727086, 0.2643566653884274, 22.0] 
[83.60499999999998, 0.09910746200000005, 0.4021811168481224, 14.0] 
[81.56999999999998, 0.11583764299999999, 0.5085338316621751, 14.0] 
[78.92999999999998, 0.12553657900000004, 0.5877486381329408, 6.0] 
